  0                   1
 16               94488
 24            74078592
 28          3128434688
 32        312335197020
 36      18125860315136
 40     552366841342848
 44    9491208609103872
 48   94117043084875944
 52  549823502398291968
 56 1920604779257215744
 60 4051966906789380096
 64 5193595576952890822
 68 4051966906789380096
 72 1920604779257215744
 76  549823502398291968
 80   94117043084875944
 84    9491208609103872
 88     552366841342848
 92      18125860315136
 96        312335197020
100          3128434688
104            74078592
112               94488
128                   1