  0                                       1 
 64                                 6304280 
 96                             91931532672 
112                          27817105940480 
120                          29533455515648 
128                       12583593752692060 
136                      361519028967047168 
144                    17833197403694489600 
148                    12590654537544499200 
152                  1020786087075313090560 
156                  4318594506377763225600 
160                 76250672761991902699392 
164                756987922760787925401600 
168              10681781836165110741073920 
172             141160417968996331322081280 
176            1881293459363764866821488640 
180           22693173473127523177526722560 
184          243425796518846768892807741440 
188         2286959999530827043343003811840 
192        18794346413747525588771309881256 
196       135166449866726530984447259443200 
200       851782704743623505607244340264960 
204      4708458509475456784322019301785600 
208     22852391704572296323834439067729920 
212     97462433014907637029830197227028480 
216    365526278184161946958403396381442048 
220   1206323178921139786668143271236075520 
224   3505401613163934151711462323206767360 
228   8973677587282039362822893193123594240 
232  20247351711512218010880337711776923648 
236  40281223524945861679013088343023943680 
240  70684468756337914215018072966269648896 
244 109433147018075062561515047663614033920 
248 149511090747941922330816647180299796480 
252 180285374094323192872363130190708080640 
256 191890235498693113461074863087609250246 
260 180285374094323192872363130190708080640 
264 149511090747941922330816647180299796480 
268 109433147018075062561515047663614033920 
272  70684468756337914215018072966269648896 
276  40281223524945861679013088343023943680 
280  20247351711512218010880337711776923648 
284   8973677587282039362822893193123594240 
288   3505401613163934151711462323206767360 
292   1206323178921139786668143271236075520 
296    365526278184161946958403396381442048 
300     97462433014907637029830197227028480 
304     22852391704572296323834439067729920 
308      4708458509475456784322019301785600 
312       851782704743623505607244340264960 
316       135166449866726530984447259443200 
320        18794346413747525588771309881256 
324         2286959999530827043343003811840 
328          243425796518846768892807741440 
332           22693173473127523177526722560 
336            1881293459363764866821488640 
340             141160417968996331322081280 
344              10681781836165110741073920 
348                756987922760787925401600 
352                 76250672761991902699392 
356                  4318594506377763225600 
360                  1020786087075313090560 
364                    12590654537544499200 
368                    17833197403694489600 
376                      361519028967047168 
384                       12583593752692060 
392                          29533455515648 
400                          27817105940480 
416                             91931532672 
448                                 6304280 
512                                       1 