 0                 1
 4             10416
 6           1166592
 8          69194232
10        2366570752
12       51316746768
14      747741998592
16     7633243745820
18    56276359749120
20   306558278858160
22  1255428754917120
24  3916392495228360
26  9399341113166592
28 17480786291963792
30 25316999607653376
32 28634752793916486
34 25316999607653376
36 17480786291963792
38  9399341113166592
40  3916392495228360
42  1255428754917120
44   306558278858160
46    56276359749120
48     7633243745820
50      747741998592
52       51316746768
54        2366570752
56          69194232
58           1166592
60             10416
64                 1